[30.6922339122011, 60.0883316600952], 
[30.7052372615053, 60.0856305860998],
[30.7170389811708, 60.0840226985256],
[30.7189272563173, 60.0828435309624],
[30.7197855632021, 60.0814713554375],
[30.724463335724, 60.0793486585495],
[30.7302354495241, 60.0780835517635],
[30.7332395236208, 60.079949031171],
[30.7373593966676, 60.0805922753801],
[30.7425950686647, 60.0796702881036],
[30.7392476718141, 60.0755960811653], 
[30.745899550171, 60.0726151572345],
[30.7485603015138, 60.0738161375212],
[30.7736228625491, 60.0714784747621],
[30.7752965609744, 60.065773021898],
[30.7796739260867, 60.0625444981443],
[30.7858108203128, 60.0567731245251],
[30.7837508837893, 60.055871926456],
[30.7826780001834, 60.0545629995755],
[30.778472296448, 60.0537475761741],
[30.7786868731692, 60.0517303893415],
[30.7716058413699, 60.0488546113008],
[30.7690952937321, 60.0499384228373],
[30.7675074259953, 60.0519986394014],
[30.7644175212101, 60.0530930769801],
[30.7603834788518, 60.0526424306216],
[30.7560490290837, 60.0525136733854],
[30.7464789073185, 60.0511616919811],
[30.7475947062687, 60.0488653422831],
[30.7465218226628, 60.0472985818268],
[30.745127073975, 60.047169803677],
[30.7436357657626, 60.048870707773],
[30.7389150778963, 60.0491175193591],
[30.7340656439971, 60.0440306804161],
[30.7229076544952, 60.037547577406],
[30.7180582205963, 60.0354005731243],
[30.669735542984, 60.0360232187813],
[30.6684051673126, 60.0361949810281],
[30.6671606223297, 60.0366243827246],
[30.6642423789215, 60.0384492774501],
[30.6640707175445, 60.0387176357892],
[30.6674181143951, 60.0390289287216],
[30.671537987442, 60.0403277398811],
[30.6722246329498, 60.0414654992806],
[30.6743274848175, 60.0422812270955],
[30.6757651488494, 60.0432579272254],
[30.6771598975372, 60.0435155136384],
[30.6800352256011, 60.0444814447317],
[30.6828247229766, 60.0458015047112],
[30.6811081092073, 60.0470463908106],
[30.6784044425203, 60.0470893170775],
[30.6803141753389, 60.0497184441754],
[30.702136627884, 60.0557592749614],
[30.7017503897859, 60.0561133212169],
[30.7034670035554, 60.0565961054244],
[30.7040034453584, 60.0562957071948],
[30.706642739029, 60.057786942841],
[30.7035313765718, 60.0586880884452],
[30.7022868315889, 60.0598681227359],
[30.7027589003755, 60.0603186701148],
[30.6960855643464, 60.0618633571292],
[30.6909786383821, 60.0635152337934],
[30.6922446410371, 60.0695749797786],
[30.6896697203828, 60.0719985654878],
[30.6922446410371, 60.0748723205284],
[30.691515080185, 60.0791395976515],
[30.689884297104, 60.080211690744],
[30.6891118209077, 60.081755443355],
[30.6910859267427, 60.0835992750427],
[30.6902705352021, 60.0854215651647],
[30.6922339122011, 60.0883316600952] 